200 
1.000025447483668e+02  1.000000000000000e+00  1.000000000000000e+00  6.031005536143591e+25 
1.166386798085743e+02  9.359937381731647e+17  1.612375953051566e+15  7.034296789133136e+25 
1.360423639501806e+02  1.149161033244086e+18  3.309613003419474e+15  8.204491111982673e+25 
1.586740024478224e+02  1.410875977550946e+18  5.096177310352159e+15  9.569353756951519e+25 
1.850705933989700e+02  1.732195024409180e+18  6.976770064456275e+15  1.116126888015512e+26 
2.158584697864201e+02  2.126692672020920e+18  8.956339853586705e+15  1.301800792186463e+26 
2.517681613495271e+02  2.611034933996586e+18  1.104009568090134e+16  1.518362581113393e+26 
2.936517289280143e+02  3.205683414553824e+18  1.323352066512632e+16  1.770950625904309e+26 
3.425029826146763e+02  3.935759732871812e+18  1.554238646364452e+16  2.065558094227442e+26 
3.994810634875782e+02  4.832106815217531e+18  1.797276845242411e+16  2.409175150464680e+26 
4.659379485122419e+02  5.932591890367865e+18  2.053106170617124e+16  2.809954811649762e+26 
5.434505313046143e+02  7.283706234890794e+18  2.322399781748828e+16  3.277406394462707e+26 
6.338580400355954e+02  8.942529251392327e+18  2.605866259959168e+16  3.822621143205751e+26 
7.393056804150184e+02  1.097913985450646e+19  2.904251472291462e+16  4.458535392245452e+26 
8.622955394235793e+02  1.347957703644583e+19  3.218340532851827e+16  5.200237506988407e+26 
1.005745957771086e+03  1.654947468465815e+19  3.548959867458620e+16  6.065325886191836e+26 
1.173060780039297e+03  2.031852420870613e+19  3.896979386826344e+16  7.074326519946593e+26 
1.368210125886817e+03  2.494595350524872e+19  4.263314773847002e+16  8.251180010748138e+26 
1.595824599117654e+03  3.062725372639968e+19  4.648929891367339e+16  9.623809613227199e+26 
1.861305170332623e+03  3.760243803163900e+19  5.054839316298698e+16  1.122478377044237e+27 
2.170951340865978e+03  4.616618122389687e+19  5.482111007090234e+16  1.309208886676374e+27 
2.532110629586749e+03  5.668026863057125e+19  5.931869111293284e+16  1.527003053248883e+27 
2.953352930215749e+03  6.958888014698369e+19  6.405296920758795e+16  1.781028488548431e+27 
3.444673877089258e+03  8.543735513454119e+19  6.903639982005279e+16  2.077312465271229e+27 
4.017732045799815e+03  1.048952309186145e+20  7.428209370287501e+16  2.422884926387777e+27 
4.686125618212052e+03  1.287845281743885e+20  7.980385135351906e+16  2.825945284909589e+27 
5.465715078048243e+03  1.581144781498035e+20  8.561619928475006e+16  3.296056971722892e+27 
6.374999595807911e+03  1.941241588176760e+20  9.173442819975122e+16  3.844374347534682e+27 
7.435556036164347e+03  2.383348411710107e+20  9.817463317138702e+16  4.483907362880783e+27 
8.672551007428197e+03  2.926142570918282e+20  1.049537559335221e+17  5.229830245795273e+27 
1.011533810648103e+04  3.592555038646944e+20  1.120896293926131e+17  6.099841541387893e+27 
1.179815453492238e+04  4.410739187481600e+20  1.196010244752714e+17  7.114584046003417e+27 
1.376093362107572e+04  5.415260161835455e+20  1.275076994375606e+17  8.298134599760404e+27 
1.605025253396489e+04  6.648555122821848e+20  1.358304517612662e+17  9.678575358797185e+27 
1.872043768476138e+04  8.162726055661703e+20  1.445911727758073e+17  1.128866010182836e+28 
2.183485405471491e+04  1.002174087886602e+21  1.538129051433096e+17  1.316659138049503e+28 
2.546740905514768e+04  1.230413584362211e+21  1.635199033659375e+17  1.535692695299146e+28 
2.970430661840263e+04  1.510633338939777e+21  1.737376974612276e+17  1.791163700795648e+28 
3.464609315969671e+04  1.854671562244826e+21  1.844931599822828e+17  2.089133726342940e+28 
4.041004397974128e+04  2.277062550608005e+21  1.958145765512767e+17  2.436672719866329e+28 
4.713294676138999e+04  2.795650704378966e+21  2.077317200910229e+17  2.842026754378328e+28 
5.497434824250740e+04  3.432344385448612e+21  2.202759289494545e+17  3.314813682916500e+28 
6.412034114570261e+04  4.214041461570057e+21  2.334801891169364e+17  3.866251341766104e+28 
7.478798127492581e+04  5.173765638179298e+21  2.473792207559349e+17  4.509423716556090e+28 
8.723043965395940e+04  6.352061583378857e+21  2.620095692601902e+17  5.259591386562454e+28 
1.017430120382605e+05  7.798707784768590e+21  2.774097010854514e+17  6.134553613145190e+28 
1.186701284942185e+05  9.574819499759765e+21  2.936201045981472e+17  7.155070663606979e+28 
1.384134642551815e+05  1.093325902872809e+22  3.042499345229651e+17  8.345356390969923e+28 
1.614414450062696e+05  1.200251719660021e+22  3.114234697921158e+17  9.733652757133494e+28 
1.883004732189004e+05  1.325775878198454e+22  3.186435748645482e+17  1.135289993114846e+29 
2.196279023996295e+05  1.473250182617547e+22  3.259163150523117e+17  1.324151786205988e+29 
2.561671201377444e+05  1.646670329413626e+22  3.332487253715591e+17  1.544431787073048e+29 
2.987851887785704e+05  1.850813302241855e+22  3.406489876363409e+17  1.801356589002533e+29 
3.484934210983558e+05  2.091526391464467e+22  3.481303004782706e+17  2.101022258090423e+29 
4.064713846062170e+05  2.382579738563366e+22  3.558859122380988e+17  2.450538974871012e+29 
4.740948881089841e+05  2.722498876269941e+22  3.636516793192249e+17  2.858199737883701e+29 
5.529686219184122e+05  3.123462451001740e+22  3.715054628376897e+17  3.333677132014767e+29 
6.449642497190117e+05  3.599440138142600e+22  3.794987572170625e+17  3.888252830345224e+29 
7.522648243737987e+05  4.166127899054011e+22  3.876579685626955e+17  4.535085274904984e+29 
8.774165938308781e+05  4.842655426494440e+22  3.960092837336580e+17  5.289521887606727e+29 
1.023389427646319e+06  5.652308331486273e+22  4.045783447339573e+17  6.169463219201943e+29 
1.193647297767534e+06  6.624032188980715e+22  4.133957756437400e+17  7.195787676437306e+29 
1.392230486726425e+06  7.793587765227965e+22  4.224945895242947e+17  8.392846904931374e+29 
1.623851474264588e+06  9.205310019106617e+22  4.319108346012266e+17  9.789043581743232e+29 
1.894006778815093e+06  1.091423213072487e+23  4.416835482998693e+17  1.141750532694276e+30 
2.209107408816843e+06  1.298871765864280e+23  4.518546395378593e+17  1.331687072411124e+30 
2.576631020629785e+06  1.551355961946495e+23  4.624680600787102e+17  1.553220609971704e+30 
3.005299395469063e+06  1.859421499844229e+23  4.735707472156887e+17  1.811607481382880e+30 
3.505285449106689e+06  2.236174889327455e+23  4.852121607314868e+17  2.112978443327656e+30 
4.088454688726464e+06  2.697863625224393e+23  4.974431369271549e+17  2.464484137899054e+30 
4.768646849670770e+06  3.264624885135186e+23  5.103159955055059e+17  2.874464756200149e+30 
5.562004398881302e+06  3.961339465322654e+23  5.238832639768017e+17  3.352647926425922e+30 
6.487355706380500e+06  4.818949054414254e+23  5.382014987918086e+17  3.910379521725923e+30 
7.566661982761485e+06  5.875601271093999e+23  5.533264464127384e+17  4.560892864236582e+30 
8.825538593126120e+06  7.178358116042344e+23  5.693141737432008e+17  5.319622712698425e+30 
1.029386312977728e+07  8.785318776626808e+23  5.862220766206221e+17  6.204571483657035e+30 
1.200648468341840e+07  1.076805519108982e+24  6.041079502045801e+17  7.236736395593415e+30 
1.400405115606919e+07  1.321466488065189e+24  6.230300817105101e+17  8.440607670852136e+30 
1.633397429060099e+07  1.623677426229700e+24  6.430690435579466e+17  9.844749616226129e+30 
1.905155457534006e+07  1.987646124772986e+24  6.637603691245519e+17  1.148247836952249e+31 
2.222129486758992e+07  2.443260381311079e+24  6.859668794609646e+17  1.339265239303200e+31 
2.591843301634017e+07  3.007623125753556e+24  7.095498974875741e+17  1.562059446997622e+31 
3.023072678003770e+07  3.703790208681151e+24  7.344907852089172e+17  1.821916708018230e+31 
3.526053779915878e+07  4.562045775947886e+24  7.608523848781868e+17  2.125002667047034e+31 
4.112726238323682e+07  5.619856611582184e+24  7.887084103213943e+17  2.478508657988473e+31 
4.797016675141602e+07  6.922924984772524e+24  8.181277970901587e+17  2.890822333065717e+31 
5.595169431167217e+07  8.528553686834107e+24  8.492067252681917e+17  3.371726677014674e+31 
6.526132344853542e+07  1.050515469003386e+25  8.820082178462149e+17  3.932632128393749e+31 
7.612006751418445e+07  1.293844970572380e+25  9.166278297229394e+17  4.586847315562327e+31 
8.878572414120817e+07  1.593214890708695e+25  9.531441939102730e+17  5.349894831092364e+31 
1.035589984532660e+08  1.961516373263140e+25  9.916595430329733e+17  6.239879537006068e+31 
1.207906458873027e+08  2.414416376018198e+25  1.032264842270734e+18  7.277918139635131e+31 
1.408898042627102e+08  2.971268635469454e+25  1.075067365096098e+18  8.488640226641961e+31 
1.643337135194420e+08  3.655869387810031e+25  1.120181710332118e+18  9.900772654331762e+31 
1.916790664464339e+08  4.513146140308257e+25  1.168615104185911e+18  1.154782115103747e+32 
2.235750353180313e+08  5.318836921830579e+25  1.207639845292263e+18  1.346886530901238e+32 
2.607789188542890e+08  6.545683600984862e+25  1.258585775071956e+18  1.570948582763762e+32 
3.041743800488967e+08  8.033798646855907e+25  1.311564286530888e+18  1.832284600868469e+32 
3.547919718159405e+08  9.859131165151272e+25  1.367276208495035e+18  2.137095316431872e+32 
4.138338285214815e+08  1.209889973885028e+26  1.425883391918069e+18  2.492612986732658e+32 
4.827022206854112e+08  1.484267922160451e+26  1.487434667138089e+18  2.907272995198862e+32 
5.630328748731672e+08  1.819616798188252e+26  1.551929279116179e+18  3.390913998122041e+32 
6.567338461289091e+08  2.228815213785735e+26  1.619397277375489e+18  3.955011366888656e+32 
7.660308651628433e+08  2.727125118155158e+26  1.689834021071056e+18  4.612949464622634e+32 
8.935202530877098e+08  3.335088911568099e+26  1.763507613152384e+18  5.380339217558935e+32 
1.042230667277814e+09  4.078175294286513e+26  1.840705637429501e+18  6.275388516178079e+32 
1.215695125018641e+09  4.988020252545602e+26  1.921739261450195e+18  7.319334234625899e+32 
1.418035020998003e+09  6.102289928038528e+26  2.006817261597077e+18  8.536946118962303e+32 
1.654058068994689e+09  7.458240834534945e+26  2.095573349406319e+18  9.957114500017160e+32 
1.929372568981105e+09  9.105547385075316e+26  2.188012098420429e+18  1.161353577554295e+33 
2.250520811308239e+09  1.110499756678847e+27  2.284198544616202e+18  1.354551192612916e+33 
2.625134983952420e+09  1.356940326234674e+27  2.385832065072144e+18  1.579888303502734e+33 
3.062113487877637e+09  1.591127686720749e+27  2.468628650489110e+18  1.842711493782599e+33 
3.571839186537319e+09  1.945461718746717e+27  2.576023996079288e+18  2.149256780868747e+33 
4.166433354480919e+09  2.380526084774033e+27  2.689066596690116e+18  2.506797578294843e+33 
4.860030876679138e+09  2.914265172063391e+27  2.807952648458646e+18  2.923817272315351e+33 
5.669121740894729e+09  3.568723996205700e+27  2.932919441605759e+18  3.410210507584949e+33 
6.612943643082636e+09  4.370715686537595e+27  3.064196726935622e+18  3.977517957828249e+33 
7.713940077812192e+09  5.353092891805782e+27  3.202045313895676e+18  4.639200151913853e+33 
8.998294878797312e+09  6.556096065083327e+27  3.346753102768149e+18  5.410956852415764e+33 
1.049655590694409e+10  8.028338916424048e+27  3.498563781554171e+18  6.311099564571792e+33 
1.224436176024264e+10  9.816241034648500e+27  3.656601630451601e+18  7.360986014175266e+33 
1.428327886866037e+10  1.184598376289191e+28  3.810400155602158e+18  8.585526903275949e+33 
1.666177690075036e+10  1.407220289011238e+28  3.955002716754032e+18  1.001377696750505e+34 
1.943644538658503e+10  1.727072128565276e+28  4.133096511387948e+18  1.167962435906788e+34 
2.267335125043921e+10  2.118528238921707e+28  4.319934120110040e+18  1.362259471242441e+34 
2.644954004382209e+10  2.601360878488441e+28  4.517473863954544e+18  1.588878897075966e+34 
3.085471641664996e+10  2.949729276561536e+28  4.639650198146066e+18  1.853197722509390e+34 
3.599389191905836e+10  3.954851671366555e+28  4.941810525788382e+18  2.161487451960155e+34 
4.198977106018444e+10  4.822295633018902e+28  5.165322639496390e+18  2.521062889422761e+34 
4.898467084044186e+10  5.624468774819645e+28  5.342496348910189e+18  2.940455697145449e+34 
5.714501374817698e+10  6.805120519369050e+28  5.566021386306548e+18  3.429616826756290e+34 
6.666537155107037e+10  8.345315775328612e+28  5.815961277377907e+18  4.000152625930912e+34 
7.777267559217166e+10  1.026007806734211e+29  6.082291001045182e+18  4.665600222715225e+34 
9.073172458354594e+10  1.267526257122092e+29  6.370223726652606e+18  5.441748721558967e+34 
1.058505853356076e+11  1.443331990184492e+29  6.549874030942111e+18  6.347013832092771e+34 
1.234889390940070e+11  1.756998543486856e+29  6.824615498056862e+18  7.402874819481949e+34 
1.440675820313079e+11  2.092896891715052e+29  7.076792481901992e+18  8.634384143897496e+34 
1.680775454766521e+11  2.637738980326475e+29  7.427377915207110e+18  1.007076188134242e+35 
1.960902427083391e+11  2.973205221784694e+29  7.612393715939208e+18  1.174608902968258e+35 
2.287715163734680e+11  3.589175494197982e+29  7.903583199107309e+18  1.370011614998468e+35 
2.669017095573505e+11  4.289787811419457e+29  8.187456097104411e+18  1.597920652983028e+35 
3.113895434518284e+11  5.160477008347890e+29  8.489825133194131e+18  1.863743624708286e+35 
3.632952680431218e+11  6.130133991550519e+29  8.778439883873552e+18  2.173787723537031e+35 
4.238553182166623e+11  7.271099126758772e+29  9.069512913624673e+18  2.535409379463293e+35 
4.945103117211978e+11  8.295297411537181e+29  9.293465964948269e+18  2.957188805450964e+35 
5.769360348137312e+11  9.029231040720346e+29  9.431031425086487e+18  3.449133580524843e+35 
6.730875673174186e+11  9.774107641653406e+29  9.550717289357253e+18  4.022916100039116e+35 
7.852487875518811e+11  1.056884078962538e+30  9.660186683222260e+18  4.692150527116230e+35 
9.160844071367655e+11  1.147359788712517e+30  9.767023155942957e+18  5.472715816495165e+35 
1.068703447381783e+12  1.253509100371892e+30  9.874476888119294e+18  6.383132475190205e+35 
1.246733001339379e+12  1.379926480074172e+30  9.984182110374961e+18  7.445001999376826e+35 
1.454404480300147e+12  1.532097010960653e+30  1.009738720619599e+19  8.683519414043384e+35 
1.696654185240899e+12  1.714795205982293e+30  1.021390251740442e+19  1.012807107645907e+36 
1.979240824892339e+12  1.936985442533502e+30  1.033537702008714e+19  1.181293192756766e+36 
2.308882135014734e+12  2.199502208353957e+30  1.045841155440055e+19  1.377807873502155e+36 
2.693414822758406e+12  2.519342497070406e+30  1.058691400085020e+19  1.607013862370922e+36 
3.141981364533737e+12  2.899717517783550e+30  1.071792160876224e+19  1.874349539960202e+36 
3.665247175137527e+12  3.361926538581363e+30  1.085438853484124e+19  2.186157991671476e+36 
4.275655567717640e+12  3.922961452875749e+30  1.099638604452432e+19  2.549837510377343e+36 
4.987722112210011e+12  4.587969207391967e+30  1.114066981074147e+19  2.974017136042548e+36 
5.818378550567212e+12  5.367924175688630e+30  1.128573374434669e+19  3.468761397335394e+36 
6.787376743836646e+12  6.291122143371496e+30  1.143292541980595e+19  4.045809113142938e+36 
7.917759002408064e+12  7.377264384769288e+30  1.158137288086761e+19  4.718851920043945e+36 
9.236402294419352e+12  8.617716327453551e+30  1.172670581259117e+19  5.503859134373283e+36 
1.077465549423494e+13  1.003397083903281e+31  1.186894684605662e+19  6.419456656894228e+36 
1.256908555559904e+13  1.163485077061168e+31  1.200677680402910e+19  7.487368910366579e+36 
1.466235351501526e+13  1.354656788370993e+31  1.214787133481913e+19  8.732934295882718e+36 
1.710423388402744e+13  1.580631322588851e+31  1.229084185239232e+19  1.018570639822667e+37 
1.995279143842903e+13  1.848949389668847e+31  1.243636641359226e+19  1.188015520508263e+37 
2.327576920676198e+13  2.173115114009857e+31  1.258707953479830e+19  1.385648497795146e+37 
2.715222971765600e+13  2.597861132806259e+31  1.275635945394518e+19  1.616158818043480e+37 
3.167448862374996e+13  3.189159563418021e+31  1.295836486317007e+19  1.885015809778515e+37 
3.695038716392392e+13  4.069448882929050e+31  1.321614004384484e+19  2.198598654689489e+37 
4.310600695673888e+13  5.450740502139847e+31  1.356281815403726e+19  2.564347746754651e+37 
5.028891912665136e+13  7.693820639961768e+31  1.404527478765390e+19  2.990941230797034e+37 
5.867216295166071e+13  1.146591897705645e+32  1.474043823013758e+19  3.488500909208997e+37 
6.845775860735148e+13  1.610491434554633e+32  1.547284955292633e+19  4.068832402403641e+37 
7.988315239294320e+13  2.480391729069658e+32  1.664915468761802e+19  4.745705261290487e+37 
9.323126960194534e+13  4.075359695050563e+32  1.849527306260652e+19  5.535179678016628e+37 
1.088336795747563e+14  6.160194229809169e+32  2.055977293645906e+19  6.455987546853446e+37 
1.270723432657733e+14  8.454113616076579e+32  2.250301342899755e+19  7.529976916677350e+37 
1.483880608238034e+14  1.074649172049355e+33  2.416463504457173e+19  8.782630380588132e+37 
1.733033827743261e+14  1.438511609422575e+33  2.642106268825376e+19  1.024366970251826e+38 
2.024604412678178e+14  2.165157985418391e+33  3.027177254257963e+19  1.194776102683534e+38 
2.366369092219140e+14  3.306135833547761e+33  3.543033460323792e+19  1.393533740347682e+38 
2.767649480545823e+14  5.107880029036765e+33  4.236855291422008e+19  1.625355814470765e+38 
3.239884597330878e+14  7.949345678524689e+33  5.166721923890975e+19  1.895742777620014e+38 
3.797287260033142e+14  1.241252190061017e+34  6.404259806550923e+19  2.211110113183828e+38 
4.457770639222782e+14  1.938937041088611e+34  8.037108131634109e+19  2.578940555828805e+38 
5.244270626979598e+14  3.024092519394544e+34  1.017030462743581e+20  3.007961634674879e+38 
6.186644720260270e+14  4.703018330438747e+34  1.292559348990230e+20  3.508352751763304e+38 
7.324418458416599e+14  7.287532655579847e+34  1.643994566376637e+20  4.091986709177405e+38 
8.710802858229770e+14  1.124952088174705e+35  2.086347021217961e+20  4.772711415540767e+38 
1.041864648185316e+15  1.730631813798139e+35  2.635656394507218e+20  5.566678455955249e+38 
1.254937789998006e+15  2.655664070256256e+35  3.308654927763338e+20  6.492726321372452e+38 
1.524662928452770e+15  4.069813564262381e+35  4.122270123141003e+20  7.572827390298533e+38 
1.871721546823000e+15  6.237279649381771e+35  5.092695242218452e+20  8.832609268387176e+38 
2.326364398862136e+15  9.571045155419953e+35  6.233890853572154e+20  1.030196285576814e+39 
2.933461868826680e+15  1.471755071417644e+36  7.555625009492659e+20  1.201575156975167e+39 
