BHBlp_M125125_LK 185 1.25 1.25 >21.9 nan 0.13 0.000 0.13 15 0.18 22 0.46
BHBlp_M1365125_LK 185 1.365 1.25 >24.0 18.73 0.06 1.367 0.14 17 0.21 25 0.35
BHBlp_M130130_LK 185 1.3 1.3 >26.9 nan 0.07 0.000 0.16 22 0.12 33 0.11
BHBlp_M135135_LK 185 1.35 1.35 >21.3 14.45 0.07 0.746 0.15 20 0.17 28 0.26
BHBlp_M135135_LK_HR 123 1.35 1.35 >23.3 14.26 0.05 0.015 0.16 20 0.18 24 0.19
BHBlp_M135135_M0 185 1.35 1.35 >37.0 12.75 0.14 0.283 0.26 24 0.14 38 0.40
BHBlp_M140120_LK 185 1.4 1.2 >23.7 20.74 0.11 0.229 0.11 13 0.16 22 0.36
BHBlp_M140120_M0 185 1.4 1.2 >28.2 22.56 0.16 0.994 0.19 17 0.17 30 0.60
BHBlp_M140140_LK 185 1.4 1.4 12.0 7.05 0.09 0.232 0.15 18 0.17 28 0.34
BHBlp_M140140_LK_HR 123 1.4 1.4 10.3 5.38 0.10 0.793 0.14 17 0.20 26 0.50
BHBlp_M144139_LK 185 1.44 1.39 10.4 8.28 0.06 0.511 0.18 22 0.20 30 0.30
BHBlp_M150150_LK 185 1.5 1.5 2.3 1.93 0.05 0.727 0.17 20 0.23 28 0.33
BHBlp_M160160_LK 185 1.6 1.6 1.0 0.09 0.00 0.000 nan nan nan nan nan
DD2_M120120_LK 185 1.2 1.2 >24.7 nan 0.08 0.000 0.15 21 0.14 31 0.16
DD2_M125125_LK 185 1.25 1.25 >32.4 nan 0.04 0.000 0.18 27 0.15 33 0.10
DD2_M1365125_LK 185 1.365 1.25 >24.2 20.83 0.04 0.443 0.15 21 0.20 25 0.20
DD2_M130130_LK 185 1.3 1.3 >22.9 nan 0.12 0.005 0.13 15 0.18 21 0.45
DD2_M135135_LK 185 1.35 1.35 >24.4 15.69 0.03 0.024 0.18 27 0.18 31 0.12
DD2_M135135_LK_HR 123 1.35 1.35 >23.4 15.05 0.02 0.001 0.18 28 0.19 30 0.09
DD2_M135135_M0 185 1.35 1.35 >20.4 16.16 0.14 0.168 0.23 21 0.17 31 0.49
DD2_M140120_LK 185 1.4 1.2 >23.6 19.26 0.09 0.307 0.12 15 0.18 23 0.36
DD2_M140120_M0 185 1.4 1.2 >26.9 19.48 0.16 0.570 0.21 18 0.16 34 0.54
DD2_M140140_LK 185 1.4 1.4 >24.5 12.36 0.04 0.529 0.17 22 0.22 28 0.26
DD2_M140140_LK_HR 123 1.4 1.4 >24.6 16.85 0.09 0.431 0.14 17 0.18 28 0.39
DD2_M144139_LK 185 1.44 1.39 >23.5 14.40 0.05 0.158 0.17 22 0.20 28 0.26
DD2_M150150_LK 185 1.5 1.5 >23.1 16.70 0.07 0.462 0.20 23 0.17 32 0.26
DD2_M160160_LK 185 1.6 1.6 2.3 1.96 0.12 2.759 0.14 13 0.24 20 0.83
LS220_M120120_LK 185 1.2 1.2 >23.2 17.43 0.14 0.000 0.12 15 0.15 25 0.33
LS220_M1365125_LK 185 1.365 1.25 >26.7 16.86 0.11 0.013 0.10 13 0.16 23 0.32
LS220_M135135_LK 185 1.35 1.35 20.3 7.25 0.06 0.000 0.11 16 0.16 23 0.17
LS220_M135135_LK_LR 246 1.35 1.35 >27.6 nan 0.11 0.000 0.13 16 0.16 26 0.32
LS220_M135135_M0 185 1.35 1.35 >22.6 9.06 0.19 0.009 0.25 19 0.15 35 0.50
LS220_M135135_M0_L05 185 1.35 1.35 >24.5 14.07 0.27 0.061 0.27 20 0.13 38 0.58
LS220_M135135_M0_L25 185 1.35 1.35 18.1 4.65 0.20 0.395 0.26 21 0.14 42 0.51
LS220_M135135_M0_L50 185 1.35 1.35 >32.0 8.59 0.20 0.419 0.26 24 0.16 44 0.66
LS220_M135135_M0_LTE 185 1.35 1.35 >21.1 14.24 0.11 0.000 0.20 17 0.13 30 0.24
LS220_M140120_LK 185 1.4 1.2 >23.5 22.82 0.19 0.000 0.09 11 0.15 20 0.47
LS220_M140120_M0 185 1.4 1.2 >24.8 23.38 0.24 0.001 0.18 14 0.15 29 0.63
LS220_M140120_M0_L05 185 1.4 1.2 >28.2 20.33 0.28 0.017 0.18 14 0.15 29 0.76
LS220_M140120_M0_L25 185 1.4 1.2 >28.5 12.07 0.41 0.625 0.16 13 0.20 29 1.97
LS220_M140120_M0_L50 185 1.4 1.2 >31.2 13.97 0.70 8.289 0.18 13 0.22 28 3.97
LS220_M140140_LK 185 1.4 1.4 9.9 4.58 0.14 0.087 0.14 16 0.17 29 0.48
LS220_M140140_LK_HR 123 1.4 1.4 9.4 2.68 0.07 0.168 0.15 17 0.17 33 0.26
LS220_M140140_LK_LR 246 1.4 1.4 8.6 3.12 0.17 0.019 0.16 15 0.19 28 0.68
LS220_M144139_LK 185 1.44 1.39 7.2 3.91 0.19 0.014 0.14 15 0.16 30 0.54
LS220_M145145_LK 185 1.45 1.45 2.3 2.05 0.16 1.230 0.14 14 0.21 22 0.82
LS220_M150150_LK 185 1.5 1.5 0.9 0.16 0.03 0.001 0.08 11 0.19 13 0.13
LS220_M160160_LK 185 1.6 1.6 0.6 0.07 0.03 0.000 0.07  8 0.21  8 0.14
LS220_M171171_LK 185 1.71 1.71 0.5 0.06 0.03 0.000 0.08  9 0.22  8 0.14
SFHo_M1365125_LK 185 1.365 1.25 >26.4 8.81 0.15 1.888 0.14 14 0.23 24 0.92
SFHo_M135135_LK 185 1.35 1.35 12.0 6.23 0.35 1.924 0.17 14 0.24 28 2.24
SFHo_M135135_LK_HR 123 1.35 1.35 6.9 1.78 0.23 0.982 0.17 14 0.21 29 1.23
SFHo_M135135_LK_LR 246 1.35 1.35 3.4 2.79 0.36 1.877 0.18 14 0.24 27 2.35
SFHo_M135135_M0 185 1.35 1.35 7.7 1.23 0.42 3.255 0.22 17 0.22 33 2.40
SFHo_M140120_LK 185 1.4 1.2 >24.3 11.73 0.12 1.302 0.14 14 0.20 27 0.59
SFHo_M140120_M0 185 1.4 1.2 >32.7 15.65 0.30 2.368 0.22 17 0.16 34 1.05
SFHo_M140140_LK 185 1.4 1.4 1.1 0.01 0.04 3.853 0.19 37 0.35 24 0.60
SFHo_M144139_LK 185 1.44 1.39 0.9 0.09 0.04 3.056 0.18 16 0.33 20 0.53
SFHo_M146146_LK 185 1.46 1.46 0.7 0.02 0.00 0.000 nan nan nan nan nan

