# #           rhoc              M             Mb              R              C             kl            lam
# 
2.766333000000000268e-04 1.057074999999999959e-01 1.076254999999999989e-01 1.281107000000000085e+01 8.251299999999999607e-03 5.725784000000000255e-03 9.980248000000000000e+07
2.945089999999999817e-04 1.247247999999999968e-01 1.271875000000000089e-01 1.128393999999999942e+01 1.105300000000000032e-02 1.247979999999999923e-02 5.042612000000000000e+07
3.123848000000000250e-04 1.450880999999999976e-01 1.481960999999999973e-01 1.040058999999999934e+01 1.395000000000000059e-02 2.146572000000000063e-02 2.708855000000000000e+07
3.302604999999999799e-04 1.667434000000000138e-01 1.706052999999999875e-01 9.831443000000000154e+00 1.695999999999999938e-02 3.213876999999999706e-02 1.526795000000000000e+07
3.481363000000000231e-04 1.896508000000000083e-01 1.943847999999999965e-01 9.443324000000000495e+00 2.008300000000000016e-02 4.388443000000000205e-02 8.955091000000000000e+06
3.660119999999999780e-04 2.136597000000000079e-01 2.193892000000000064e-01 9.184793000000000873e+00 2.326200000000000143e-02 5.564264000000000016e-02 5.445657000000000000e+06
3.838878000000000212e-04 2.385274000000000005e-01 2.453752999999999906e-01 9.010766000000000275e+00 2.647100000000000147e-02 6.683350999999999875e-02 3.427839000000000000e+06
4.017634999999999761e-04 2.639862000000000042e-01 2.720708000000000015e-01 8.882619000000000042e+00 2.971899999999999889e-02 7.755953000000000153e-02 2.230195000000000000e+06
4.196393000000000193e-04 2.897910000000000208e-01 2.992187000000000041e-01 8.787438999999999112e+00 3.297800000000000037e-02 8.757465000000000388e-02 1.496837000000000000e+06
4.375149999999999742e-04 3.158731000000000178e-01 3.267586000000000102e-01 8.731412000000000617e+00 3.617700000000000082e-02 9.592488999999999877e-02 1.032046000000000000e+06
4.553908000000000175e-04 3.422508000000000217e-01 3.547058000000000155e-01 8.685250999999999166e+00 3.940599999999999659e-02 1.037285000000000013e-01 7.277730999999999767e+05
4.732665000000000266e-04 3.689686999999999828e-01 3.831131999999999871e-01 8.653335000000000221e+00 4.263900000000000329e-02 1.105523999999999951e-01 5.229340000000000000e+05
4.911422999999999614e-04 3.960880999999999985e-01 4.120483999999999813e-01 8.632279999999999731e+00 4.588500000000000217e-02 1.164406000000000052e-01 3.816647000000000116e+05
5.268938000000000137e-04 4.515237999999999752e-01 4.715134000000000269e-01 8.610253999999999408e+00 5.244000000000000050e-02 1.258470999999999895e-01 2.115575000000000000e+05
5.447695000000000228e-04 4.797004999999999741e-01 5.019133999999999540e-01 8.603562999999999406e+00 5.575600000000000001e-02 1.296653999999999862e-01 1.604256000000000058e+05
5.626452999999999576e-04 5.080803999999999876e-01 5.326404000000000138e-01 8.602914999999999424e+00 5.905900000000000039e-02 1.326216000000000061e-01 1.230520000000000000e+05
5.805209999999999667e-04 5.365851000000000370e-01 5.636151000000000355e-01 8.602033000000000484e+00 6.237899999999999695e-02 1.351842000000000044e-01 9.542172000000000116e+04
5.983968000000000100e-04 5.651403999999999872e-01 5.947620999999999603e-01 8.610492000000000701e+00 6.563399999999999790e-02 1.366041000000000061e-01 7.477055000000000291e+04
6.162725000000000191e-04 5.936983999999999595e-01 6.260354000000000196e-01 8.611807999999999907e+00 6.894000000000000128e-02 1.381970999999999894e-01 5.916298999999999796e+04
6.341482999999999539e-04 6.222256000000000453e-01 6.573890999999999485e-01 8.620426000000000144e+00 7.217999999999999416e-02 1.388332999999999928e-01 4.723966000000000349e+04
6.698998000000000062e-04 6.790711000000000386e-01 7.202309999999999546e-01 8.630582999999999672e+00 7.868200000000000194e-02 1.396457000000000115e-01 3.087168999999999869e+04
6.877756000000000494e-04 7.073386000000000395e-01 7.516694999999999904e-01 8.633336999999999151e+00 8.193100000000000382e-02 1.397706999999999977e-01 2.523954999999999927e+04
7.056512999999999501e-04 7.354728000000000376e-01 7.830580999999999792e-01 8.640772999999999371e+00 8.511699999999999822e-02 1.392345999999999862e-01 2.077713999999999942e+04
7.235270999999999933e-04 7.634520999999999669e-01 8.144190999999999514e-01 8.643053999999999348e+00 8.833100000000000673e-02 1.388521000000000061e-01 1.721425999999999840e+04
7.414028000000000024e-04 7.912506999999999735e-01 8.456799000000000399e-01 8.651151999999999731e+00 9.146200000000000163e-02 1.377635000000000109e-01 1.434967000000000007e+04
7.592786000000000457e-04 8.188440999999999637e-01 8.768434999999999979e-01 8.653470000000000439e+00 9.462600000000000178e-02 1.369161000000000128e-01 1.203119000000000051e+04
7.771542999999999464e-04 8.462091000000000474e-01 9.078443000000000485e-01 8.660735000000000738e+00 9.770600000000000118e-02 1.354789999999999883e-01 1.014298999999999978e+04
7.950300999999999896e-04 8.733244999999999481e-01 9.387077999999999811e-01 8.662338000000000093e+00 1.008200000000000068e-01 1.343042000000000125e-01 8.595987999999999374e+03
8.129057999999999987e-04 9.001706999999999903e-01 9.693781000000000203e-01 8.662599999999999412e+00 1.039100000000000024e-01 1.330657000000000090e-01 7.321356999999999971e+03
8.307816000000000419e-04 9.267296999999999896e-01 9.998160999999999854e-01 8.670602999999999838e+00 1.068800000000000028e-01 1.310882999999999909e-01 6.265471999999999753e+03
8.486573000000000510e-04 9.529849000000000236e-01 1.030043999999999960e+00 8.671189000000000036e+00 1.098999999999999977e-01 1.295436000000000087e-01 5.386265000000000327e+03
8.665330999999999858e-04 9.789219999999999589e-01 1.060011000000000037e+00 8.671144999999999214e+00 1.128900000000000042e-01 1.279249000000000080e-01 4.650565999999999804e+03
8.844087999999999949e-04 1.004529000000000005e+00 1.089722000000000079e+00 8.672356999999999871e+00 1.158300000000000024e-01 1.261072000000000026e-01 4.032021000000000186e+03
9.022846000000000382e-04 1.029794000000000098e+00 1.119134000000000073e+00 8.671433000000000391e+00 1.187600000000000044e-01 1.243507999999999974e-01 3.509615999999999985e+03
9.201603000000000473e-04 1.054708999999999897e+00 1.148244000000000042e+00 8.671148000000000522e+00 1.216300000000000020e-01 1.224650999999999934e-01 3.066485000000000127e+03
9.380360999999999821e-04 1.079264999999999919e+00 1.177057000000000020e+00 8.671236999999999639e+00 1.244600000000000012e-01 1.204821999999999976e-01 2.689032999999999902e+03
9.559117999999999912e-04 1.103455000000000075e+00 1.205530999999999908e+00 8.670617000000000019e+00 1.272600000000000120e-01 1.184879999999999961e-01 2.366246000000000095e+03
9.737876000000000344e-04 1.127272999999999969e+00 1.233684999999999921e+00 8.670030000000000570e+00 1.300199999999999967e-01 1.164402999999999966e-01 2.089150000000000091e+03
9.916632999999999351e-04 1.150713000000000097e+00 1.261519999999999975e+00 8.662096999999999269e+00 1.328400000000000136e-01 1.148359999999999936e-01 1.850403000000000020e+03
1.009539000000000053e-03 1.173772000000000038e+00 1.288964999999999916e+00 8.660738999999999521e+00 1.355300000000000116e-01 1.127538000000000012e-01 1.643979000000000042e+03
1.027415000000000056e-03 1.196444999999999981e+00 1.316055999999999893e+00 8.660004000000000701e+00 1.381600000000000050e-01 1.106039999999999940e-01 1.464894000000000005e+03
1.063165999999999937e-03 1.240625000000000089e+00 1.369191999999999965e+00 8.643357999999999208e+00 1.435400000000000009e-01 1.071901999999999994e-01 1.172932999999999993e+03
1.081041999999999940e-03 1.262127999999999917e+00 1.395154999999999923e+00 8.640930000000000888e+00 1.460599999999999954e-01 1.050868999999999970e-01 1.053762999999999920e+03
1.098917999999999943e-03 1.283238000000000101e+00 1.420779000000000014e+00 8.632711000000000467e+00 1.486500000000000044e-01 1.033243999999999968e-01 9.491000000000000227e+02
1.116793999999999946e-03 1.303954000000000057e+00 1.445956999999999937e+00 8.630084999999999340e+00 1.510900000000000021e-01 1.012213000000000002e-01 8.569272999999999456e+02
1.134669000000000042e-03 1.324278000000000066e+00 1.470809000000000033e+00 8.620927999999999258e+00 1.536099999999999965e-01 9.949850000000000361e-02 7.755322999999999638e+02
1.152545000000000045e-03 1.344208999999999987e+00 1.495254000000000083e+00 8.611708000000000141e+00 1.560900000000000065e-01 9.777397999999999645e-02 7.034690000000000509e+02
1.170421000000000048e-03 1.363747999999999960e+00 1.519309999999999938e+00 8.603132999999999697e+00 1.585199999999999942e-01 9.601175000000000681e-02 6.395069999999999482e+02
1.188297000000000051e-03 1.382897999999999961e+00 1.542904000000000053e+00 8.600070999999999799e+00 1.607999999999999985e-01 9.395130000000000148e-02 5.826002999999999474e+02
1.241923999999999936e-03 1.438031999999999977e+00 1.611464999999999925e+00 8.570558999999999372e+00 1.677899999999999947e-01 8.893552000000000402e-02 4.458487999999999829e+02
1.259799999999999939e-03 1.455645999999999995e+00 1.633512999999999993e+00 8.560722999999999416e+00 1.700399999999999967e-01 8.728376000000000190e-02 4.093688999999999965e+02
1.277675000000000035e-03 1.472885000000000000e+00 1.655159999999999965e+00 8.550708000000000197e+00 1.722499999999999865e-01 8.565477000000000507e-02 3.765530999999999722e+02
1.313427000000000041e-03 1.506248000000000031e+00 1.697273000000000032e+00 8.530324999999999491e+00 1.765799999999999870e-01 8.246162999999999410e-02 3.202620999999999754e+02
1.349177999999999922e-03 1.538153000000000103e+00 1.737854999999999928e+00 8.502862999999999616e+00 1.809000000000000052e-01 7.967185000000000239e-02 2.741843000000000075e+02
1.367053999999999925e-03 1.553568000000000060e+00 1.757554000000000061e+00 8.492848999999999648e+00 1.829300000000000093e-01 7.812795000000000156e-02 2.542907999999999902e+02
1.384929999999999928e-03 1.568632000000000026e+00 1.776821999999999901e+00 8.481669000000000125e+00 1.849399999999999933e-01 7.665880999999999390e-02 2.361958999999999946e+02
1.402805999999999931e-03 1.583348999999999895e+00 1.795736999999999917e+00 8.470916000000000778e+00 1.869200000000000028e-01 7.519170000000000020e-02 2.197090000000000032e+02
1.420681000000000027e-03 1.597723000000000004e+00 1.814243999999999968e+00 8.460314999999999586e+00 1.888499999999999901e-01 7.374034000000000144e-02 2.046630000000000109e+02
1.438557000000000030e-03 1.611760000000000081e+00 1.832384999999999931e+00 8.450003000000000597e+00 1.907399999999999929e-01 7.229990000000000028e-02 1.909103000000000065e+02
1.456433000000000033e-03 1.625464000000000020e+00 1.850222999999999951e+00 8.432150999999999286e+00 1.927699999999999969e-01 7.120115000000000471e-02 1.783204000000000065e+02
1.474309000000000036e-03 1.638840999999999992e+00 1.867612000000000050e+00 8.420896000000000825e+00 1.946199999999999875e-01 6.984300999999999704e-02 1.667783000000000015e+02
1.492183999999999915e-03 1.651894999999999891e+00 1.884625999999999912e+00 8.410204999999999487e+00 1.964200000000000113e-01 6.848550000000000471e-02 1.561810000000000116e+02
1.510059999999999918e-03 1.664631999999999890e+00 1.901358000000000104e+00 8.392649999999999721e+00 1.983399999999999885e-01 6.742766000000000037e-02 1.464373999999999967e+02
1.563687000000000020e-03 1.700987999999999944e+00 1.949235999999999969e+00 8.352437000000000111e+00 2.036499999999999977e-01 6.387500000000000122e-02 1.215622999999999934e+02
1.599439000000000026e-03 1.723734000000000099e+00 1.979429000000000105e+00 8.323256999999999906e+00 2.071000000000000063e-01 6.170239000000000279e-02 1.079758000000000067e+02
1.635189999999999907e-03 1.745332000000000106e+00 2.008192000000000199e+00 8.300378000000000256e+00 2.102700000000000125e-01 5.938523999999999886e-02 9.631323999999999330e+01
1.653065999999999910e-03 1.755714999999999915e+00 2.022155000000000147e+00 8.282436000000000575e+00 2.119800000000000018e-01 5.849154000000000159e-02 9.110080000000000666e+01
1.670941999999999913e-03 1.765825999999999896e+00 2.035702999999999818e+00 8.270770000000000621e+00 2.134999999999999953e-01 5.739647999999999972e-02 8.625491999999999848e+01
1.688817999999999916e-03 1.775670999999999999e+00 2.048945999999999934e+00 8.260006000000000626e+00 2.149699999999999944e-01 5.629386000000000112e-02 8.174452999999999747e+01
1.706693000000000012e-03 1.785255000000000036e+00 2.061939999999999884e+00 8.241246000000000294e+00 2.166200000000000070e-01 5.548373999999999667e-02 7.754198999999999842e+01
1.742445000000000018e-03 1.803660000000000041e+00 2.086936000000000124e+00 8.211677999999999145e+00 2.196500000000000119e-01 5.365029000000000325e-02 6.996268999999999494e+01
1.760321000000000021e-03 1.812491000000000074e+00 2.098921999999999954e+00 8.200215000000000032e+00 2.210300000000000042e-01 5.265551999999999733e-02 6.654258000000000095e+01
1.778195999999999900e-03 1.821080000000000032e+00 2.110694000000000070e+00 8.182019000000000375e+00 2.225699999999999901e-01 5.189587999999999840e-02 6.334300999999999959e+01
1.796071999999999903e-03 1.829433000000000087e+00 2.122074000000000016e+00 8.170363999999999294e+00 2.239099999999999979e-01 5.094760999999999734e-02 6.034718999999999767e+01
1.813947999999999906e-03 1.837553999999999910e+00 2.133280000000000065e+00 8.152267999999999404e+00 2.253999999999999893e-01 5.021849999999999925e-02 5.753927000000000191e+01
1.849699000000000005e-03 1.853118999999999961e+00 2.154755000000000198e+00 8.122498000000000218e+00 2.281499999999999917e-01 4.861362000000000322e-02 5.243227000000000260e+01
1.867575000000000008e-03 1.860571999999999893e+00 2.165003000000000011e+00 8.110500999999999294e+00 2.293999999999999928e-01 4.775246999999999825e-02 5.010842999999999847e+01
1.885451000000000011e-03 1.867811000000000110e+00 2.175075999999999787e+00 8.092451000000000505e+00 2.308099999999999874e-01 4.708657000000000120e-02 4.792266999999999655e+01
1.903327000000000014e-03 1.874841999999999897e+00 2.184797999999999796e+00 8.080664000000000513e+00 2.320200000000000040e-01 4.625565000000000232e-02 4.586540999999999713e+01
1.921201999999999892e-03 1.881667999999999896e+00 2.194388000000000005e+00 8.062737000000000265e+00 2.333800000000000041e-01 4.561707999999999735e-02 4.392721000000000231e+01
1.939077999999999895e-03 1.888293999999999917e+00 2.203584000000000209e+00 8.050679000000000585e+00 2.345500000000000085e-01 4.482901000000000247e-02 4.210009000000000157e+01
1.956953999999999898e-03 1.894722999999999935e+00 2.212622999999999784e+00 8.032966000000000051e+00 2.358699999999999963e-01 4.421433999999999781e-02 4.037597000000000236e+01
1.974829999999999901e-03 1.900959999999999983e+00 2.221309999999999896e+00 8.020649000000000584e+00 2.370099999999999985e-01 4.346708999999999989e-02 3.874822000000000344e+01
1.992704999999999997e-03 1.907010000000000094e+00 2.229909999999999837e+00 8.003019000000000105e+00 2.382900000000000018e-01 4.287905000000000189e-02 3.720989000000000146e+01
2.010581000000000000e-03 1.912875000000000103e+00 2.238109000000000126e+00 7.990708999999999840e+00 2.393899999999999917e-01 4.216384000000000104e-02 3.575542999999999694e+01
2.046333000000000006e-03 1.924071000000000087e+00 2.253928999999999849e+00 7.960879000000000261e+00 2.416899999999999882e-01 4.091654000000000124e-02 3.307556000000000296e+01
2.064208000000000102e-03 1.929408999999999930e+00 2.261481999999999992e+00 7.950004999999999988e+00 2.426899999999999891e-01 4.021191999999999822e-02 3.184046000000000021e+01
2.099960000000000108e-03 1.939581999999999917e+00 2.275945999999999803e+00 7.920021000000000200e+00 2.449000000000000066e-01 3.905498000000000303e-02 2.955803999999999832e+01
2.117836000000000111e-03 1.944425999999999988e+00 2.282922000000000118e+00 7.901176000000000421e+00 2.460900000000000032e-01 3.859036999999999884e-02 2.850292999999999921e+01
2.135711000000000206e-03 1.949111999999999956e+00 2.289594999999999825e+00 7.890039999999999942e+00 2.470299999999999996e-01 3.795073999999999670e-02 2.750055000000000049e+01
2.153587000000000209e-03 1.953643999999999936e+00 2.296117999999999881e+00 7.871256999999999948e+00 2.482000000000000040e-01 3.750793000000000182e-02 2.654761999999999844e+01
2.171463000000000212e-03 1.958024999999999904e+00 2.302369999999999806e+00 7.860132000000000119e+00 2.491099999999999981e-01 3.689535000000000037e-02 2.564121000000000095e+01
2.189339000000000215e-03 1.962258999999999975e+00 2.308542000000000094e+00 7.841394000000000197e+00 2.502400000000000180e-01 3.647380000000000067e-02 2.477847999999999828e+01
2.207213999999999877e-03 1.966348999999999902e+00 2.314375000000000071e+00 7.830213999999999785e+00 2.511200000000000099e-01 3.588861000000000134e-02 2.395691000000000059e+01
2.242965999999999883e-03 1.974110000000000031e+00 2.325616999999999823e+00 7.800342999999999805e+00 2.530800000000000272e-01 3.492713000000000068e-02 2.242764999999999986e+01
2.260841999999999886e-03 1.977786999999999962e+00 2.331020999999999788e+00 7.782259999999999955e+00 2.541399999999999770e-01 3.453283000000000047e-02 2.171561000000000163e+01
2.278716999999999982e-03 1.981333000000000011e+00 2.336110000000000131e+00 7.770597999999999672e+00 2.549799999999999844e-01 3.400721000000000299e-02 2.103609000000000151e+01
2.296592999999999985e-03 1.984750000000000014e+00 2.341183000000000014e+00 7.752958999999999712e+00 2.560000000000000053e-01 3.362313000000000107e-02 2.038708000000000098e+01
2.314468999999999988e-03 1.988042000000000087e+00 2.345927999999999791e+00 7.740803999999999796e+00 2.568300000000000027e-01 3.313080999999999665e-02 1.976711999999999847e+01
2.350220000000000087e-03 1.994259999999999922e+00 2.355023000000000089e+00 7.711297000000000068e+00 2.586200000000000165e-01 3.228885000000000088e-02 1.860756999999999906e+01
2.368096000000000090e-03 1.997192000000000078e+00 2.359293000000000085e+00 7.700199999999999712e+00 2.593699999999999894e-01 3.180700999999999667e-02 1.806518000000000157e+01
2.385972000000000093e-03 2.000010000000000066e+00 2.363500999999999852e+00 7.681996999999999964e+00 2.603500000000000258e-01 3.148159999999999847e-02 1.754588999999999999e+01
2.403848000000000096e-03 2.002715999999999941e+00 2.367418999999999940e+00 7.670429000000000386e+00 2.610999999999999988e-01 3.102972000000000022e-02 1.704859000000000080e+01
2.421723000000000191e-03 2.005311999999999983e+00 2.371347000000000094e+00 7.652738000000000262e+00 2.620399999999999952e-01 3.071081999999999979e-02 1.657197999999999993e+01
2.439599000000000194e-03 2.007801999999999865e+00 2.374982000000000149e+00 7.641049999999999898e+00 2.627700000000000036e-01 3.028066000000000091e-02 1.611516999999999911e+01
2.457475000000000197e-03 2.010187000000000168e+00 2.378451999999999789e+00 7.630120999999999931e+00 2.634500000000000175e-01 2.984559999999999991e-02 1.567702000000000062e+01
2.475351000000000200e-03 2.012471000000000121e+00 2.381908000000000136e+00 7.611917000000000044e+00 2.643800000000000039e-01 2.956148000000000109e-02 1.525656999999999996e+01
2.493225999999999862e-03 2.014654999999999863e+00 2.385101000000000138e+00 7.600451999999999764e+00 2.650699999999999723e-01 2.915496999999999880e-02 1.485303000000000040e+01
2.511101999999999865e-03 2.016741999999999813e+00 2.388300999999999785e+00 7.583047999999999789e+00 2.659500000000000197e-01 2.887052000000000021e-02 1.446541000000000032e+01
2.528977999999999868e-03 2.018733999999999806e+00 2.391205999999999943e+00 7.571235999999999855e+00 2.666299999999999781e-01 2.848786999999999847e-02 1.409310999999999936e+01
2.546853999999999871e-03 2.020633999999999819e+00 2.393987999999999783e+00 7.560191999999999801e+00 2.672700000000000076e-01 2.809970999999999997e-02 1.373526000000000025e+01
2.564728999999999967e-03 2.022441999999999851e+00 2.396806999999999910e+00 7.542343999999999937e+00 2.681499999999999995e-01 2.784568000000000113e-02 1.339114000000000004e+01
2.582604999999999970e-03 2.024163000000000157e+00 2.399307999999999996e+00 7.530785999999999980e+00 2.687899999999999734e-01 2.748313000000000145e-02 1.306019000000000041e+01
2.600480999999999973e-03 2.025796999999999848e+00 2.401721999999999912e+00 7.520087000000000188e+00 2.693800000000000083e-01 2.711339000000000110e-02 1.274170999999999943e+01
2.618356999999999976e-03 2.027346000000000092e+00 2.404126999999999903e+00 7.501947000000000365e+00 2.702399999999999802e-01 2.688501000000000085e-02 1.243510000000000026e+01
2.636232000000000072e-03 2.028814000000000117e+00 2.406290999999999958e+00 7.490670999999999857e+00 2.708499999999999797e-01 2.654074000000000016e-02 1.213988999999999940e+01
2.654108000000000075e-03 2.030199999999999783e+00 2.408354999999999801e+00 7.480052999999999841e+00 2.714199999999999946e-01 2.619277999999999884e-02 1.185548000000000002e+01
2.671984000000000078e-03 2.031508999999999787e+00 2.410407000000000188e+00 7.462028000000000105e+00 2.722499999999999920e-01 2.598125999999999908e-02 1.158136999999999972e+01
2.689860000000000081e-03 2.032741000000000131e+00 2.412205000000000155e+00 7.450658999999999921e+00 2.728300000000000169e-01 2.566047999999999940e-02 1.131715999999999944e+01
2.707735000000000176e-03 2.033897000000000066e+00 2.413927999999999852e+00 7.440074000000000076e+00 2.733700000000000019e-01 2.533362000000000114e-02 1.106234000000000073e+01
2.725611000000000179e-03 2.034981000000000151e+00 2.415677000000000074e+00 7.422094000000000413e+00 2.741799999999999793e-01 2.513897000000000007e-02 1.081649999999999956e+01
2.743487000000000182e-03 2.035994000000000081e+00 2.417149999999999910e+00 7.410768000000000022e+00 2.747299999999999742e-01 2.483783999999999992e-02 1.057929000000000030e+01
2.761363000000000185e-03 2.036935999999999858e+00 2.418549000000000060e+00 7.400131000000000014e+00 2.752600000000000047e-01 2.453206000000000137e-02 1.035028999999999932e+01
2.779237999999999847e-03 2.037811000000000039e+00 2.419979999999999798e+00 7.382547999999999888e+00 2.760299999999999976e-01 2.434729000000000060e-02 1.012911000000000072e+01
2.797113999999999850e-03 2.038619999999999877e+00 2.421171000000000184e+00 7.371253000000000277e+00 2.765599999999999725e-01 2.406470999999999957e-02 9.915509000000000128e+00
2.832865999999999856e-03 2.040043999999999969e+00 2.423284000000000216e+00 7.350004000000000204e+00 2.775599999999999734e-01 2.349694999999999909e-02 9.509570999999999330e+00
2.850740999999999952e-03 2.040662000000000198e+00 2.424322999999999784e+00 7.332036999999999694e+00 2.783200000000000118e-01 2.333903000000000019e-02 9.316632999999999498e+00
2.868616999999999955e-03 2.041221000000000174e+00 2.425123000000000140e+00 7.320879999999999832e+00 2.788200000000000123e-01 2.307800999999999950e-02 9.130062999999999818e+00
2.886492999999999958e-03 2.041720000000000201e+00 2.425860000000000127e+00 7.310273999999999717e+00 2.792899999999999827e-01 2.281421999999999964e-02 8.949552000000000618e+00
2.904368999999999961e-03 2.042162999999999951e+00 2.426667999999999825e+00 7.292866000000000071e+00 2.800199999999999911e-01 2.266158000000000061e-02 8.774822000000000344e+00
2.922244000000000057e-03 2.042549000000000170e+00 2.427214000000000205e+00 7.281799000000000355e+00 2.805000000000000271e-01 2.241548999999999972e-02 8.605736000000000274e+00
2.940120000000000060e-03 2.042880999999999947e+00 2.427693999999999797e+00 7.270970000000000155e+00 2.809599999999999875e-01 2.217123000000000010e-02 8.442000000000000171e+00
2.957996000000000063e-03 2.043159000000000169e+00 2.428088999999999942e+00 7.260303000000000395e+00 2.814200000000000035e-01 2.192993000000000026e-02 8.283404000000000877e+00
2.975872000000000066e-03 2.043384999999999785e+00 2.428417000000000048e+00 7.250035999999999703e+00 2.818399999999999794e-01 2.168797000000000086e-02 8.129747000000000057e+00
2.993747000000000161e-03 2.043560999999999961e+00 2.428789999999999782e+00 7.232143999999999906e+00 2.825699999999999878e-01 2.156461000000000142e-02 7.980818000000000190e+00
3.011623000000000164e-03 2.043686999999999809e+00 2.428962999999999983e+00 7.221358999999999639e+00 2.830099999999999838e-01 2.133977999999999917e-02 7.836483999999999561e+00
3.029499000000000167e-03 2.043765000000000054e+00 2.429051999999999989e+00 7.210562999999999612e+00 2.834400000000000253e-01 2.112007000000000120e-02 7.696532999999999625e+00
