#            rhoc              M             Mb              R              C             kl            lam
3.660119999999999780e-04 1.211204000000000031e-01 1.229381999999999975e-01 1.951381999999999906e+01 6.206899999999999570e-03 1.071251000000000061e-03 7.752184000000000000e+07
3.838878000000000212e-04 1.310008000000000006e-01 1.330753000000000075e-01 1.666282999999999959e+01 7.861899999999999791e-03 2.040096999999999831e-03 4.528279000000000000e+07
4.017634999999999761e-04 1.418600000000000139e-01 1.442354999999999887e-01 1.473606999999999978e+01 9.626700000000000187e-03 3.526491000000000087e-03 2.843546000000000000e+07
4.375149999999999742e-04 1.663265999999999911e-01 1.694545000000000079e-01 1.232024000000000008e+01 1.349999999999999985e-02 8.352243000000000514e-03 1.241652000000000000e+07
4.553908000000000175e-04 1.798579999999999901e-01 1.834444000000000075e-01 1.153054000000000023e+01 1.559800000000000075e-02 1.172732999999999935e-02 8.466575000000000000e+06
4.732665000000000266e-04 1.942100999999999966e-01 1.983155000000000057e-01 1.091263000000000005e+01 1.779700000000000032e-02 1.570645999999999848e-02 5.865105000000000000e+06
4.911422999999999614e-04 2.093501000000000112e-01 2.140394999999999937e-01 1.043213000000000079e+01 2.006799999999999903e-02 2.011467000000000116e-02 4.120224000000000000e+06
5.090179999999999705e-04 2.252462000000000075e-01 2.305887000000000076e-01 1.004066000000000081e+01 2.243300000000000155e-02 2.498548999999999909e-02 2.931711000000000000e+06
5.268938000000000137e-04 2.418678999999999968e-01 2.479368000000000127e-01 9.720335000000000392e+00 2.488299999999999887e-02 3.020344999999999974e-02 2.110960000000000000e+06
5.626452999999999576e-04 2.771650999999999976e-01 2.849227999999999761e-01 9.245488999999999180e+00 2.997800000000000117e-02 4.107687000000000144e-02 1.131000000000000000e+06
5.805209999999999667e-04 2.957767000000000035e-01 3.045057999999999931e-01 9.071652999999999523e+00 3.260500000000000204e-02 4.645976999999999746e-02 8.406164000000000233e+05
5.983968000000000100e-04 3.149873000000000256e-01 3.247759000000000063e-01 8.920754000000000516e+00 3.530900000000000011e-02 5.193024999999999725e-02 6.307713000000000466e+05
6.162725000000000191e-04 3.347648999999999764e-01 3.457061000000000162e-01 8.793893000000000626e+00 3.806799999999999767e-02 5.727585000000000315e-02 4.776245000000000000e+05
6.341482999999999539e-04 3.550772999999999846e-01 3.672668000000000044e-01 8.681779999999999831e+00 4.089899999999999786e-02 6.262157000000000140e-02 3.648060999999999767e+05
6.520239999999999630e-04 3.758916999999999953e-01 3.894276999999999878e-01 8.600317999999999685e+00 4.370700000000000279e-02 6.721393000000000506e-02 2.809487000000000116e+05
6.698998000000000062e-04 3.971746999999999916e-01 4.121600999999999737e-01 8.521390999999999494e+00 4.660899999999999765e-02 7.195667999999999509e-02 2.180842999999999884e+05
6.877756000000000494e-04 4.188931000000000182e-01 4.354304999999999981e-01 8.460093999999999781e+00 4.951400000000000245e-02 7.614453999999999667e-02 1.705718999999999942e+05
7.056512999999999501e-04 4.410140000000000171e-01 4.592114999999999947e-01 8.401251999999999498e+00 5.249399999999999900e-02 8.034636000000000555e-02 1.343795000000000000e+05
7.235270999999999933e-04 4.635052000000000061e-01 4.834705000000000252e-01 8.351495999999999142e+00 5.550000000000000072e-02 8.419957000000000136e-02 1.066023000000000029e+05
7.414028000000000024e-04 4.863345000000000029e-01 5.081771000000000482e-01 8.311374000000000706e+00 5.851399999999999657e-02 8.759588999999999570e-02 8.512969999999999709e+04
7.592786000000000457e-04 5.094699000000000311e-01 5.332999000000000489e-01 8.280234999999999346e+00 6.152799999999999936e-02 9.049564999999999693e-02 6.841592999999999302e+04
7.771542999999999464e-04 5.328796000000000088e-01 5.588125000000000453e-01 8.244726999999999251e+00 6.463299999999999601e-02 9.359135999999999844e-02 5.531981999999999971e+04
7.950300999999999896e-04 5.565322000000000324e-01 5.846782000000000368e-01 8.221743000000000023e+00 6.769000000000000017e-02 9.591220999999999774e-02 4.499358999999999651e+04
8.129057999999999987e-04 5.803970999999999991e-01 6.108683000000000307e-01 8.200438000000000116e+00 7.077600000000000557e-02 9.803794000000000397e-02 3.680119999999999709e+04
8.307816000000000419e-04 6.044448000000000043e-01 6.373566999999999982e-01 8.181062999999999974e+00 7.388300000000000423e-02 9.994116999999999584e-02 3.026345999999999913e+04
8.486573000000000510e-04 6.286460999999999855e-01 6.641129000000000060e-01 8.163144000000000844e+00 7.700999999999999512e-02 1.016398000000000024e-01 2.501663000000000102e+04
8.665330999999999858e-04 6.529728999999999672e-01 6.911017000000000410e-01 8.150353000000000847e+00 8.011600000000000665e-02 1.028946000000000027e-01 2.078297000000000116e+04
8.844087999999999949e-04 6.773974999999999858e-01 7.183024000000000076e-01 8.140041000000000082e+00 8.321800000000000030e-02 1.038598000000000021e-01 1.734886999999999898e+04
9.022846000000000382e-04 7.018933000000000533e-01 7.456905000000000339e-01 8.124420999999999893e+00 8.639299999999999757e-02 1.050330000000000014e-01 1.454927000000000044e+04
9.201603000000000473e-04 7.264342000000000299e-01 7.732227000000000405e-01 8.120112000000000663e+00 8.946099999999999886e-02 1.053441999999999990e-01 1.225597999999999956e+04
9.380360999999999821e-04 7.509951999999999739e-01 8.008887999999999563e-01 8.110673999999999495e+00 9.259299999999999475e-02 1.058546999999999960e-01 1.036854000000000087e+04
9.559117999999999912e-04 7.755522999999999723e-01 8.286569000000000296e-01 8.101497000000000170e+00 9.572999999999999565e-02 1.062197000000000002e-01 8.808154000000000451e+03
9.737876000000000344e-04 8.000823999999999714e-01 8.565025000000000555e-01 8.093762999999999153e+00 9.885199999999999543e-02 1.063646000000000036e-01 7.512502999999999702e+03
9.916632999999999351e-04 8.245635999999999521e-01 8.843921999999999617e-01 8.090688000000000102e+00 1.019199999999999967e-01 1.060825999999999991e-01 6.432194999999999709e+03
1.009539000000000053e-03 8.489748000000000294e-01 9.123200999999999672e-01 8.082945000000000491e+00 1.050299999999999984e-01 1.059897999999999951e-01 5.527729000000000269e+03
1.027415000000000056e-03 8.732957000000000081e-01 9.402430000000000510e-01 8.080486999999999753e+00 1.080699999999999994e-01 1.054400999999999949e-01 4.767552999999999884e+03
1.045291000000000059e-03 8.975073000000000079e-01 9.681613000000000024e-01 8.073183000000000220e+00 1.111700000000000049e-01 1.051011000000000029e-01 4.126198000000000320e+03
1.063165999999999937e-03 9.215910999999999964e-01 9.960293999999999537e-01 8.070752000000000592e+00 1.141899999999999998e-01 1.043462000000000001e-01 3.583139000000000124e+03
1.081041999999999940e-03 9.455299999999999816e-01 1.023851000000000067e+00 8.063959000000000543e+00 1.172499999999999931e-01 1.037793000000000049e-01 3.121653999999999996e+03
1.098917999999999943e-03 9.693074000000000412e-01 1.051584000000000074e+00 8.061645999999999646e+00 1.202399999999999997e-01 1.028377000000000041e-01 2.728175999999999931e+03
1.116793999999999946e-03 9.929080000000000128e-01 1.079218000000000011e+00 8.060216000000000491e+00 1.231899999999999940e-01 1.017611999999999961e-01 2.391550000000000182e+03
1.134669000000000042e-03 1.016316999999999915e+00 1.106749999999999901e+00 8.052761000000000280e+00 1.262099999999999889e-01 1.009899999999999964e-01 2.102637000000000171e+03
1.170421000000000048e-03 1.062508999999999926e+00 1.161372999999999989e+00 8.050000000000000711e+00 1.319899999999999962e-01 9.848899999999999322e-02 1.639126999999999953e+03
1.188297000000000051e-03 1.085266999999999982e+00 1.188455000000000039e+00 8.041085999999999956e+00 1.349700000000000066e-01 9.761137000000000286e-02 1.453114000000000033e+03
1.206171999999999930e-03 1.107785000000000020e+00 1.215346999999999955e+00 8.040034000000000347e+00 1.377800000000000136e-01 9.620420000000000360e-02 1.291560999999999922e+03
1.224047999999999933e-03 1.130052000000000056e+00 1.242059999999999942e+00 8.031746000000000052e+00 1.406999999999999917e-01 9.518279000000000323e-02 1.150865000000000009e+03
1.241923999999999936e-03 1.152060000000000084e+00 1.268548000000000009e+00 8.030172000000000310e+00 1.434699999999999864e-01 9.372138000000000690e-02 1.028008000000000038e+03
1.259799999999999939e-03 1.173799000000000037e+00 1.294834000000000040e+00 8.021819000000000699e+00 1.463299999999999879e-01 9.261787999999999965e-02 9.204466999999999643e+02
1.277675000000000035e-03 1.195262000000000047e+00 1.320869999999999989e+00 8.020158999999999594e+00 1.490299999999999958e-01 9.109520000000000117e-02 8.260434000000000196e+02
1.295551000000000038e-03 1.216442000000000023e+00 1.346681999999999935e+00 8.011703999999999937e+00 1.518299999999999927e-01 8.992964999999999987e-02 7.429831000000000358e+02
1.331303000000000044e-03 1.257927000000000017e+00 1.397513999999999923e+00 8.001058000000000447e+00 1.572199999999999986e-01 8.717070999999999847e-02 6.049787000000000035e+02
1.349177999999999922e-03 1.278219999999999912e+00 1.422538000000000080e+00 7.993040999999999840e+00 1.599200000000000066e-01 8.590760000000000063e-02 5.476105000000000018e+02
1.367053999999999925e-03 1.298208999999999946e+00 1.447257999999999933e+00 7.990387000000000128e+00 1.624700000000000033e-01 8.434290999999999316e-02 4.966763000000000261e+02
1.384929999999999928e-03 1.317887999999999948e+00 1.471711999999999909e+00 7.981429999999999580e+00 1.651199999999999890e-01 8.309972999999999665e-02 4.513552999999999997e+02
1.402805999999999931e-03 1.337255000000000082e+00 1.495870999999999951e+00 7.973313000000000095e+00 1.677200000000000080e-01 8.180007999999999724e-02 4.109460000000000264e+02
1.420681000000000027e-03 1.356306999999999929e+00 1.519703000000000026e+00 7.970292999999999850e+00 1.701699999999999879e-01 8.023481999999999836e-02 3.748460000000000036e+02
1.438557000000000030e-03 1.375040999999999958e+00 1.543250999999999928e+00 7.961125000000000007e+00 1.727200000000000124e-01 7.897609999999999353e-02 3.425298000000000229e+02
1.456433000000000033e-03 1.393455000000000110e+00 1.566486000000000045e+00 7.952243000000000173e+00 1.752299999999999969e-01 7.769803999999999600e-02 3.135464000000000055e+02
1.474309000000000036e-03 1.411548999999999943e+00 1.589377000000000040e+00 7.950008999999999659e+00 1.775500000000000134e-01 7.609868999999999661e-02 2.875045999999999822e+02
1.492183999999999915e-03 1.429319999999999924e+00 1.611966000000000010e+00 7.940204999999999735e+00 1.800100000000000033e-01 7.486634000000000344e-02 2.640624000000000251e+02
1.510059999999999918e-03 1.446768999999999972e+00 1.634230999999999989e+00 7.930735999999999564e+00 1.824300000000000088e-01 7.361884999999999957e-02 2.429234999999999900e+02
1.545811999999999924e-03 1.480698000000000070e+00 1.677767999999999926e+00 7.912003999999999593e+00 1.871500000000000108e-01 7.112458000000000669e-02 2.065511999999999944e+02
1.563687000000000020e-03 1.497179999999999955e+00 1.699033999999999933e+00 7.902733999999999703e+00 1.894500000000000073e-01 6.988179999999999392e-02 1.908926999999999907e+02
1.581563000000000023e-03 1.513341000000000047e+00 1.719959999999999933e+00 7.893342999999999776e+00 1.917200000000000015e-01 6.865213000000000565e-02 1.766787999999999954e+02
1.599439000000000026e-03 1.529180999999999901e+00 1.740515999999999952e+00 7.890009000000000050e+00 1.938100000000000100e-01 6.717339999999999423e-02 1.637567999999999984e+02
1.617315000000000029e-03 1.544702999999999937e+00 1.760758999999999963e+00 7.880042999999999687e+00 1.960300000000000098e-01 6.599161000000000610e-02 1.519901999999999873e+02
1.635189999999999907e-03 1.559908000000000072e+00 1.780661000000000049e+00 7.870103000000000293e+00 1.982099999999999973e-01 6.481932999999999445e-02 1.412605000000000075e+02
1.653065999999999910e-03 1.574797999999999920e+00 1.800221000000000071e+00 7.860216999999999565e+00 2.003500000000000003e-01 6.365648999999999613e-02 1.314619000000000142e+02
1.670941999999999913e-03 1.589374999999999982e+00 1.819436000000000053e+00 7.850238000000000049e+00 2.024600000000000011e-01 6.250998000000000665e-02 1.225010999999999939e+02
1.688817999999999916e-03 1.603642000000000012e+00 1.838308999999999971e+00 7.840215999999999852e+00 2.045399999999999996e-01 6.137846999999999748e-02 1.142951000000000050e+02
1.706693000000000012e-03 1.617601000000000067e+00 1.856837999999999989e+00 7.830163999999999902e+00 2.065899999999999959e-01 6.026212000000000235e-02 1.067702000000000027e+02
1.760321000000000021e-03 1.657658999999999994e+00 1.910376000000000074e+00 7.800023000000000373e+00 2.125199999999999867e-01 5.700229999999999880e-02 8.766052000000000533e+01
1.778195999999999900e-03 1.670415999999999901e+00 1.927578000000000014e+00 7.783131000000000022e+00 2.146200000000000052e-01 5.619357999999999992e-02 8.227044999999999675e+01
1.796071999999999903e-03 1.682879999999999932e+00 1.944404999999999939e+00 7.772639999999999993e+00 2.165100000000000080e-01 5.516659000000000146e-02 7.729684000000000310e+01
1.813947999999999906e-03 1.695054999999999978e+00 1.960895000000000055e+00 7.762006999999999657e+00 2.183799999999999908e-01 5.416081999999999841e-02 7.270181999999999789e+01
1.831823999999999909e-03 1.706944000000000017e+00 1.977050999999999892e+00 7.751498999999999917e+00 2.202099999999999891e-01 5.316716999999999971e-02 6.845167999999999608e+01
1.867575000000000008e-03 1.729881000000000002e+00 2.008367999999999931e+00 7.730597000000000385e+00 2.237699999999999967e-01 5.122647000000000311e-02 6.086784000000000106e+01
1.885451000000000011e-03 1.740934999999999899e+00 2.023537000000000141e+00 7.720246000000000386e+00 2.255000000000000060e-01 5.027845000000000231e-02 5.748223999999999734e+01
1.903327000000000014e-03 1.751719000000000026e+00 2.038380000000000081e+00 7.710005999999999915e+00 2.272000000000000131e-01 4.934418000000000137e-02 5.433709000000000344e+01
1.921201999999999892e-03 1.762235999999999914e+00 2.052944000000000102e+00 7.692662999999999585e+00 2.290800000000000058e-01 4.865119999999999861e-02 5.141219000000000250e+01
1.939077999999999895e-03 1.772488999999999981e+00 2.067145000000000010e+00 7.681731000000000087e+00 2.307400000000000007e-01 4.776952000000000281e-02 4.868968000000000274e+01
1.956953999999999898e-03 1.782485000000000097e+00 2.081026000000000042e+00 7.671016999999999975e+00 2.323699999999999932e-01 4.689792999999999740e-02 4.615283000000000158e+01
1.974829999999999901e-03 1.792224999999999957e+00 2.094597999999999960e+00 7.660465000000000302e+00 2.339600000000000013e-01 4.603838999999999848e-02 4.378670999999999935e+01
1.992704999999999997e-03 1.801714000000000038e+00 2.107864000000000182e+00 7.650095000000000312e+00 2.355200000000000071e-01 4.519048999999999983e-02 4.157773999999999859e+01
2.010581000000000000e-03 1.810956000000000010e+00 2.120868000000000198e+00 7.632820999999999856e+00 2.372599999999999987e-01 4.456054000000000265e-02 3.951346999999999809e+01
2.028457000000000003e-03 1.819954999999999989e+00 2.133516000000000190e+00 7.621745999999999910e+00 2.387799999999999923e-01 4.376362999999999781e-02 3.758294000000000068e+01
2.046333000000000006e-03 1.828716000000000008e+00 2.145865000000000133e+00 7.610881000000000007e+00 2.402799999999999936e-01 4.297701000000000299e-02 3.577568999999999733e+01
2.064208000000000102e-03 1.837242000000000042e+00 2.157922000000000118e+00 7.600290000000000212e+00 2.417300000000000004e-01 4.219900000000000040e-02 3.408238000000000056e+01
2.099960000000000108e-03 1.853606000000000087e+00 2.181211999999999929e+00 7.572014000000000244e+00 2.447999999999999898e-01 4.088283000000000195e-02 3.100412000000000035e+01
2.117836000000000111e-03 1.861452000000000107e+00 2.192396000000000011e+00 7.561060999999999588e+00 2.461899999999999922e-01 4.015984000000000220e-02 2.960431000000000168e+01
2.135711000000000206e-03 1.869080000000000075e+00 2.203300000000000036e+00 7.550333000000000183e+00 2.475499999999999923e-01 3.944642999999999761e-02 2.828838000000000008e+01
2.153587000000000209e-03 1.876492000000000049e+00 2.213935000000000208e+00 7.540022999999999698e+00 2.488700000000000079e-01 3.873780999999999752e-02 2.705035000000000167e+01
2.171463000000000212e-03 1.883694999999999897e+00 2.224337999999999926e+00 7.522015999999999813e+00 2.504199999999999759e-01 3.823975999999999764e-02 2.588466000000000022e+01
2.189339000000000215e-03 1.890689999999999982e+00 2.234418999999999933e+00 7.510947999999999958e+00 2.517199999999999993e-01 3.757788000000000100e-02 2.478638000000000119e+01
2.207213999999999877e-03 1.897483000000000031e+00 2.244238999999999873e+00 7.500326000000000271e+00 2.529899999999999927e-01 3.691959000000000213e-02 2.375074000000000041e+01
2.225089999999999880e-03 1.904076000000000102e+00 2.253801000000000165e+00 7.490003999999999884e+00 2.542200000000000015e-01 3.626872999999999903e-02 2.277347999999999928e+01
2.242965999999999883e-03 1.910474999999999923e+00 2.263145000000000184e+00 7.471766999999999825e+00 2.556899999999999729e-01 3.582160000000000205e-02 2.185060999999999964e+01
2.260841999999999886e-03 1.916681999999999997e+00 2.272186000000000039e+00 7.460914999999999964e+00 2.569000000000000172e-01 3.520931000000000061e-02 2.097859000000000052e+01
2.278716999999999982e-03 1.922701999999999911e+00 2.280975000000000197e+00 7.450186999999999671e+00 2.580700000000000216e-01 3.460794999999999844e-02 2.015397000000000105e+01
2.314468999999999988e-03 1.934193000000000051e+00 2.297877000000000169e+00 7.421656999999999726e+00 2.606100000000000083e-01 3.360550999999999816e-02 1.863478999999999886e+01
2.332344999999999991e-03 1.939672000000000063e+00 2.305930000000000035e+00 7.410588999999999871e+00 2.617399999999999727e-01 3.304947999999999914e-02 1.793475000000000108e+01
2.350220000000000087e-03 1.944978000000000096e+00 2.313756999999999842e+00 7.400127999999999595e+00 2.628300000000000081e-01 3.249276000000000247e-02 1.727102000000000004e+01
2.368096000000000090e-03 1.950115000000000043e+00 2.321407999999999916e+00 7.382266999999999690e+00 2.641600000000000059e-01 3.210927000000000225e-02 1.664129000000000147e+01
2.385972000000000093e-03 1.955086000000000102e+00 2.328771000000000146e+00 7.371323000000000292e+00 2.652300000000000213e-01 3.158596000000000320e-02 1.604356999999999900e+01
2.403848000000000096e-03 1.959894000000000025e+00 2.335907999999999873e+00 7.360487000000000002e+00 2.662700000000000067e-01 3.107238999999999834e-02 1.547580999999999918e+01
2.421723000000000191e-03 1.964542999999999928e+00 2.342830000000000190e+00 7.350001999999999924e+00 2.672800000000000176e-01 3.056338000000000110e-02 1.493618999999999986e+01
2.439599000000000194e-03 1.969036000000000008e+00 2.349593000000000043e+00 7.332014000000000031e+00 2.685500000000000109e-01 3.022031000000000023e-02 1.442300000000000004e+01
2.457475000000000197e-03 1.973376999999999937e+00 2.356078999999999812e+00 7.321015000000000050e+00 2.695500000000000118e-01 2.974293999999999896e-02 1.393473999999999968e+01
2.475351000000000200e-03 1.977568999999999910e+00 2.362356999999999818e+00 7.310305999999999749e+00 2.705199999999999827e-01 2.927083000000000115e-02 1.346987000000000023e+01
2.493225999999999862e-03 1.981614999999999904e+00 2.368438999999999961e+00 7.300005999999999773e+00 2.714500000000000246e-01 2.880163000000000167e-02 1.302704999999999913e+01
2.511101999999999865e-03 1.985516999999999976e+00 2.374366000000000199e+00 7.281723000000000390e+00 2.726700000000000235e-01 2.849909000000000123e-02 1.260496999999999979e+01
2.528977999999999868e-03 1.989279999999999937e+00 2.380040999999999851e+00 7.270967999999999876e+00 2.735899999999999999e-01 2.805817999999999854e-02 1.220251999999999981e+01
2.564728999999999967e-03 1.996399000000000035e+00 2.390814000000000217e+00 7.250008000000000230e+00 2.753700000000000037e-01 2.719674000000000050e-02 1.145199000000000034e+01
2.582604999999999970e-03 1.999760999999999900e+00 2.395967999999999876e+00 7.231746000000000230e+00 2.765299999999999980e-01 2.692545000000000008e-02 1.110188999999999915e+01
2.600480999999999973e-03 2.002994999999999859e+00 2.400882000000000183e+00 7.220930000000000071e+00 2.773900000000000254e-01 2.652378999999999848e-02 1.076740000000000030e+01
2.618356999999999976e-03 2.006104000000000109e+00 2.405616999999999894e+00 7.210352999999999568e+00 2.782299999999999773e-01 2.612717999999999985e-02 1.044760999999999918e+01
2.636232000000000072e-03 2.009090000000000042e+00 2.410178999999999849e+00 7.200008000000000408e+00 2.790400000000000102e-01 2.573572000000000012e-02 1.014175000000000004e+01
2.654108000000000075e-03 2.011957000000000217e+00 2.414620999999999906e+00 7.181938999999999851e+00 2.801400000000000001e-01 2.549003000000000033e-02 9.849045999999999523e+00
2.689860000000000081e-03 2.017342999999999886e+00 2.422874000000000194e+00 7.160471000000000252e+00 2.817299999999999804e-01 2.476213999999999846e-02 9.300504999999999356e+00
2.707735000000000176e-03 2.019867000000000079e+00 2.426757999999999971e+00 7.150091999999999892e+00 2.824999999999999734e-01 2.440486999999999865e-02 9.043357999999999564e+00
2.725611000000000179e-03 2.022282000000000135e+00 2.430550999999999906e+00 7.132397000000000098e+00 2.835300000000000042e-01 2.417953000000000116e-02 8.796822999999999837e+00
2.743487000000000182e-03 2.024589999999999890e+00 2.434105000000000185e+00 7.121340000000000003e+00 2.842999999999999972e-01 2.384864000000000081e-02 8.560432000000000485e+00
2.761363000000000185e-03 2.026794000000000207e+00 2.437511999999999901e+00 7.110797999999999952e+00 2.850300000000000056e-01 2.351697999999999983e-02 8.333617000000000274e+00
2.779237999999999847e-03 2.028897000000000173e+00 2.440765999999999991e+00 7.100254999999999761e+00 2.857500000000000040e-01 2.319308000000000133e-02 8.115909000000000262e+00
2.797113999999999850e-03 2.030899999999999928e+00 2.443880000000000052e+00 7.090018999999999849e+00 2.864399999999999724e-01 2.287180999999999936e-02 7.906855000000000189e+00
2.814989999999999853e-03 2.032805999999999891e+00 2.446918999999999844e+00 7.072173000000000265e+00 2.874399999999999733e-01 2.267962999999999923e-02 7.706012999999999558e+00
2.832865999999999856e-03 2.034616999999999898e+00 2.449730000000000185e+00 7.061280000000000001e+00 2.881400000000000072e-01 2.238218999999999972e-02 7.513037999999999883e+00
2.850740999999999952e-03 2.036334999999999784e+00 2.452408999999999839e+00 7.050807999999999964e+00 2.888100000000000112e-01 2.208509000000000166e-02 7.327509000000000050e+00
2.868616999999999955e-03 2.037962999999999969e+00 2.454947999999999908e+00 7.040307000000000315e+00 2.894700000000000051e-01 2.179537999999999962e-02 7.149075999999999986e+00
2.904368999999999961e-03 2.040955999999999992e+00 2.459709000000000145e+00 7.012487000000000137e+00 2.910499999999999754e-01 2.133944999999999939e-02 6.812148999999999788e+00
2.922244000000000057e-03 2.042324999999999946e+00 2.461851999999999929e+00 7.001593999999999873e+00 2.916900000000000048e-01 2.107432000000000055e-02 6.653081000000000245e+00
2.940120000000000060e-03 2.043611999999999984e+00 2.463874999999999815e+00 6.991173999999999999e+00 2.923100000000000143e-01 2.080832999999999988e-02 6.499864999999999782e+00
2.975872000000000066e-03 2.045946999999999960e+00 2.467547000000000157e+00 6.970290999999999570e+00 2.935200000000000031e-01 2.029538999999999996e-02 6.209958000000000311e+00
2.993747000000000161e-03 2.046999000000000013e+00 2.469209000000000209e+00 6.960047000000000317e+00 2.941099999999999826e-01 2.004498999999999864e-02 6.072773999999999894e+00
3.011623000000000164e-03 2.047975999999999797e+00 2.470813000000000148e+00 6.942455999999999960e+00 2.949899999999999745e-01 1.990530999999999898e-02 5.940442000000000000e+00
3.029499000000000167e-03 2.048881000000000174e+00 2.472243999999999886e+00 6.931920999999999999e+00 2.955699999999999994e-01 1.966943999999999984e-02 5.812800000000000189e+00
3.047375000000000170e-03 2.049713999999999814e+00 2.473559999999999981e+00 6.921254000000000239e+00 2.961500000000000243e-01 1.944090999999999875e-02 5.689612999999999587e+00
3.065251000000000173e-03 2.050478000000000023e+00 2.474772999999999890e+00 6.910997000000000057e+00 2.967000000000000193e-01 1.921199000000000170e-02 5.570682999999999829e+00
3.083125999999999835e-03 2.051175000000000193e+00 2.475875999999999966e+00 6.900564000000000142e+00 2.972500000000000142e-01 1.899077999999999877e-02 5.455832000000000015e+00
3.101001999999999838e-03 2.051806000000000019e+00 2.476878999999999831e+00 6.890308000000000099e+00 2.977799999999999891e-01 1.877229999999999871e-02 5.344884999999999664e+00
3.118877999999999841e-03 2.052372000000000085e+00 2.477781999999999929e+00 6.880125999999999742e+00 2.983000000000000096e-01 1.855787000000000062e-02 5.237676999999999694e+00
3.136753999999999844e-03 2.052874999999999783e+00 2.478587000000000096e+00 6.870015999999999678e+00 2.988199999999999745e-01 1.834743999999999958e-02 5.134051000000000364e+00
3.154628999999999940e-03 2.053316999999999837e+00 2.479350000000000165e+00 6.852343000000000295e+00 2.996500000000000274e-01 1.824214000000000044e-02 5.033840999999999788e+00
3.172504999999999943e-03 2.053700000000000081e+00 2.479962000000000000e+00 6.842069000000000401e+00 3.001599999999999824e-01 1.804253000000000107e-02 4.936944999999999695e+00
3.190380999999999946e-03 2.054024000000000072e+00 2.480480000000000018e+00 6.831648999999999639e+00 3.006599999999999828e-01 1.784944000000000114e-02 4.843208999999999875e+00
3.208256999999999949e-03 2.054291999999999785e+00 2.480904999999999916e+00 6.821234999999999715e+00 3.011599999999999833e-01 1.766076000000000104e-02 4.752500000000000391e+00
3.226132000000000045e-03 2.054504000000000108e+00 2.481244999999999923e+00 6.810979999999999812e+00 3.016499999999999737e-01 1.747438999999999937e-02 4.664696000000000176e+00
3.244008000000000048e-03 2.054663000000000128e+00 2.481501000000000179e+00 6.800837999999999717e+00 3.021199999999999997e-01 1.729088000000000153e-02 4.579683000000000170e+00
3.261884000000000051e-03 2.054768000000000150e+00 2.481669999999999821e+00 6.790629000000000026e+00 3.025900000000000256e-01 1.711245000000000127e-02 4.497351000000000099e+00
3.279760000000000054e-03 2.054822999999999844e+00 2.481755000000000155e+00 6.780405000000000015e+00 3.030499999999999861e-01 1.693833000000000144e-02 4.417593000000000103e+00
